"","participant","total_comp","total_perc"
"1",1,10,100
"2",2,10,100
"3",3,9,90
"4",4,10,100
"5",5,10,100
"6",6,10,100
"7",7,10,100
"8",8,9,90
"9",9,9,90
"10",10,10,100
"11",11,10,100
"12",12,10,100
"13",13,10,100
"14",14,10,100
"15",15,10,100
"16",16,9,90
"17",17,10,100
"18",18,10,100
"19",19,8,80
"20",20,10,100
"21",21,9,90
"22",22,9,90
"23",23,10,100
"24",24,10,100
"25",25,10,100
"26",26,9,90
"27",27,10,100
"28",28,8,80
"29",29,10,100
"30",30,10,100
"31",31,10,100
"32",32,8,80
"33",33,10,100
"34",34,10,100
"35",35,7,70
"36",36,7,70
"37",37,10,100
"38",38,9,90
"39",39,10,100
"40",40,6,60
"41",42,10,100
"42",43,10,100
"43",44,8,80
"44",45,10,100
"45",46,9,90
"46",47,10,100
"47",48,10,100
"48",49,10,100
"49",50,10,100
"50",51,10,100
"51",52,9,90
"52",53,9,90
"53",54,10,100
"54",55,10,100
"55",56,10,100
"56",57,10,100
"57",58,9,90
"58",59,9,90
"59",60,9,90
