"","participant","total_comp","total_perc"
"1",1,11,91.6666666666667
"2",2,9,75
"3",3,9,75
"4",4,9,75
"5",5,10,83.3333333333333
"6",6,9,75
"7",7,10,83.3333333333333
"8",8,10,83.3333333333333
"9",9,8,66.6666666666667
"10",10,10,83.3333333333333
"11",11,10,83.3333333333333
"12",12,11,91.6666666666667
"13",13,10,83.3333333333333
"14",14,10,83.3333333333333
"15",15,9,75
"16",16,11,91.6666666666667
"17",17,11,91.6666666666667
"18",18,11,91.6666666666667
"19",19,10,83.3333333333333
"20",20,11,91.6666666666667
"21",21,8,66.6666666666667
"22",22,10,83.3333333333333
"23",23,10,83.3333333333333
"24",24,10,83.3333333333333
"25",25,11,91.6666666666667
"26",26,10,83.3333333333333
"27",27,11,91.6666666666667
"28",28,10,83.3333333333333
"29",29,8,66.6666666666667
"30",30,11,91.6666666666667
"31",31,10,83.3333333333333
"32",32,11,91.6666666666667
"33",33,11,91.6666666666667
"34",34,11,91.6666666666667
"35",35,11,91.6666666666667
"36",36,11,91.6666666666667
"37",37,10,83.3333333333333
"38",38,10,83.3333333333333
"39",39,10,83.3333333333333
"40",40,11,91.6666666666667
"41",42,9,75
"42",43,11,91.6666666666667
"43",44,9,75
"44",45,11,91.6666666666667
"45",46,9,75
"46",47,10,83.3333333333333
"47",48,11,91.6666666666667
"48",49,11,91.6666666666667
"49",50,8,66.6666666666667
"50",51,11,91.6666666666667
"51",52,10,83.3333333333333
"52",53,10,83.3333333333333
"53",54,10,83.3333333333333
"54",55,11,91.6666666666667
"55",56,11,91.6666666666667
"56",57,11,91.6666666666667
"57",58,10,83.3333333333333
"58",59,10,83.3333333333333
"59",60,10,83.3333333333333
